480 462 464
465 467 441
101 50 51
461 463 437
132 18 19
112 28 29
461 435 459
457 459 433
475 459 457
476 454 456
478 460 462
140 14 15
477 461 459
479 463 461
450 424 452
477 479 461
468 444 469
104 32 33
84 448 450
474 454 476
471 451 449
446 420 448
470 447 446
483 467 465
483 465 481
460 436 462
476 456 458
468 466 442
483 469 467
476 458 460
483 468 469
478 476 460
481 465 463
481 463 479
138 15 16
482 464 466
118 25 26
126 21 22
473 453 451
475 457 455
488 479 477
485 466 468
472 450 452
471 473 451
100 34 35
470 446 448
478 462 480
482 480 464
472 452 474
160 3 5
490 481 479
180 108 106
490 479 488
489 487 474
147 73 74
140 142 14
489 474 476
148 10 11
489 476 478
489 478 480
475 453 473
491 480 482
488 477 475
488 475 473
116 26 27
124 126 22
485 468 483
491 482 492
84 470 448
484 471 449
160 80 3
159 79 80
128 20 21
128 21 126
487 472 474
83 492 490
486 473 471
156 6 7
157 78 79
156 7 154
123 61 4
485 482 466
492 483 481
492 485 483
492 482 485
492 481 490
486 488 473
165 91 93
83 490 494
84 450 472
494 490 488
494 488 486
493 484 84
493 486 471
493 471 484
489 480 491
83 494 81
82 486 493
493 472 487
164 92 90
99 49 50
98 35 36
90 39 40
99 97 49
81 487 489
146 11 12
125 62 63
123 4 62
89 44 45
89 45 91
82 493 487
81 489 491
105 52 53
141 70 71
88 40 41
82 494 486
157 155 78
154 7 8
131 65 66
197 129 131
97 48 49
204 138 136
82 487 81
82 81 494
116 27 114
182 110 108
88 41 86
115 57 58
114 27 28
130 19 20
111 55 56
133 66 67
133 67 135
98 100 35
121 60 61
115 113 57
155 77 78
153 76 77
83 491 492
141 139 70
139 69 70
152 8 9
87 43 44
90 40 88
95 47 48
95 93 47
127 63 64
127 125 63
83 81 491
84 472 493
122 23 1
470 84 484
149 74 75
146 148 11
189 115 117
93 46 47
113 56 57
134 17 18
180 182 108
149 147 74
145 72 73
105 53 107
107 53 54
206 140 138
134 18 132
192 120 118
206 208 140
133 131 66
106 31 32
144 12 13
192 124 120
120 24 25
143 71 72
145 73 147
143 141 71
102 33 34
137 68 69
119 59 60
103 51 52
109 54 55
85 42 2
85 2 43
150 9 10
158 5 6
108 30 31
112 114 28
137 135 68
119 117 59
158 160 5
159 80 160
99 50 101
175 101 103
151 75 76
153 151 76
92 38 39
94 37 38
155 153 77
150 10 148
219 151 153
218 152 150
103 101 51
109 107 54
159 157 79
154 8 152
135 67 68
144 13 142
218 220 152
221 153 155
121 61 123
123 62 125
109 55 111
137 69 139
102 104 33
102 34 100
96 36 37
95 48 97
174 102 100
110 29 30
105 103 52
173 99 101
130 20 128
110 112 29
113 111 56
115 58 117
91 45 46
91 46 93
142 13 14
174 176 102
140 15 138
149 75 151
207 139 141
173 101 175
197 131 199
179 105 107
110 30 108
136 16 17
86 41 42
86 42 85
96 98 36
92 94 38
244 182 180
221 219 153
117 58 59
121 119 60
145 143 72
144 146 12
156 158 6
159 160 158
106 108 31
106 32 104
179 177 105
207 205 139
120 25 118
124 22 23
205 137 139
178 106 104
181 107 109
173 171 99
220 154 152
223 155 157
96 37 94
165 163 91
264 204 202
116 118 26
263 201 203
263 261 201
129 64 65
121 123 125
223 221 155
224 158 156
150 152 9
224 159 158
247 183 185
178 180 106
186 114 112
192 126 124
174 100 172
168 96 94
171 97 99
169 95 97
129 127 64
129 65 131
169 167 95
168 170 96
130 132 19
186 112 184
190 118 116
194 128 126
136 17 134
136 138 16
198 132 130
192 194 126
215 147 149
214 148 146
87 85 43
87 44 89
90 92 39
87 86 85
122 1 24
122 124 23
122 24 120
122 120 124
263 203 265
189 117 191
209 141 143
215 149 217
165 93 167
161 88 86
195 127 129
193 125 127
161 162 88
161 87 89
201 133 135
201 199 133
199 131 133
183 109 111
202 136 134
217 149 151
212 146 144
184 112 110
194 196 128
196 130 128
162 90 88
176 104 102
185 111 113
195 129 197
177 103 105
213 145 147
212 144 210
216 150 148
210 144 142
209 143 211
181 109 183
261 199 201
176 178 104
208 142 140
265 203 205
203 135 137
172 100 98
164 166 92
283 221 223
216 218 150
198 130 196
200 134 132
224 157 159
217 151 219
184 110 182
186 188 114
188 116 114
190 116 188
206 138 204
177 175 103
211 143 145
212 214 146
282 222 220
224 223 157
208 210 142
264 202 262
179 107 181
234 172 170
193 121 125
193 119 121
170 98 96
170 172 98
264 266 204
211 145 213
237 173 175
167 93 95
191 117 119
187 113 115
216 148 214
247 245 183
203 201 135
203 137 205
209 207 141
215 213 147
272 212 210
274 214 212
283 223 284
282 284 222
200 132 198
202 134 200
282 220 280
266 206 204
273 211 213
274 212 272
267 205 207
242 180 178
256 196 194
252 190 188
166 94 92
164 90 162
256 194 254
202 204 136
239 175 177
242 178 240
222 156 154
222 154 220
238 176 174
258 198 196
161 89 163
163 89 91
189 187 115
191 119 193
278 218 216
273 271 211
169 97 171
236 174 172
233 169 171
234 170 232
195 193 127
255 193 195
161 86 87
225 162 161
222 224 156
281 219 221
239 237 175
267 265 205
185 113 187
185 183 111
166 168 94
225 161 163
255 191 193
249 185 187
226 164 162
313 261 263
235 171 173
260 200 198
258 196 256
250 188 186
280 220 218
279 217 219
270 210 208
232 170 168
190 192 118
250 186 248
232 168 230
226 228 164
251 187 189
251 249 187
225 226 162
228 166 164
235 173 237
270 272 210
230 168 166
228 230 166
304 248 246
304 246 302
248 186 184
246 184 182
279 277 217
275 213 215
253 255 257
251 189 253
241 177 179
269 207 209
254 194 192
254 192 190
241 179 243
231 167 169
231 169 233
229 165 167
276 216 214
276 278 216
246 182 244
269 209 271
229 167 231
286 230 228
271 209 211
277 215 217
238 240 176
242 244 180
252 254 190
252 188 250
227 163 165
287 229 231
275 273 213
268 208 206
288 232 230
227 225 163
258 260 198
310 260 258
268 270 208
235 233 171
227 226 225
227 165 229
268 206 266
323 271 273
257 195 197
257 255 195
259 197 199
259 199 261
319 267 269
328 278 276
238 174 236
240 178 176
269 267 207
288 230 286
275 215 277
274 276 214
342 292 290
329 277 279
259 257 197
243 179 181
253 189 191
253 191 255
306 250 248
252 256 254
243 181 245
241 239 177
262 202 200
262 200 260
319 269 321
299 241 243
294 238 236
245 181 183
328 276 326
234 236 172
280 218 278
281 221 283
295 237 239
320 270 268
305 247 249
247 185 249
371 321 323
412 374 372
246 248 184
294 236 292
322 272 270
300 244 242
284 223 224
284 224 222
305 249 307
301 243 245
289 231 233
445 415 417
322 270 320
300 242 298
374 326 324
283 284 282
317 265 267
307 249 251
331 279 281
281 279 219
309 253 257
335 257 259
289 287 231
289 233 291
308 252 250
310 312 260
309 251 253
311 259 261
327 275 277
330 280 278
298 242 240
296 240 238
331 329 279
330 278 328
308 250 306
312 262 260
292 236 234
316 266 264
299 243 301
342 344 292
297 239 241
291 233 235
285 228 226
285 286 228
296 238 294
341 289 291
293 235 237
321 269 271
326 276 274
321 271 323
333 227 229
333 285 227
327 277 329
374 324 372
302 246 244
304 306 248
340 290 288
290 234 232
339 287 289
339 289 341
285 226 227
338 288 286
375 325 327
316 264 314
318 268 266
318 266 316
314 264 262
312 314 262
293 237 295
309 307 251
363 313 315
355 303 305
290 232 288
290 292 234
355 353 303
378 330 328
293 291 235
315 263 265
311 261 313
335 309 257
302 244 300
360 312 310
297 241 299
318 320 268
324 274 272
324 326 274
350 300 298
356 306 304
334 258 256
334 256 308
296 298 240
366 318 316
332 282 280
332 280 330
319 317 267
343 291 293
315 265 317
315 313 263
303 245 247
397 353 355
297 295 239
353 301 303
303 247 305
303 301 245
336 281 283
336 283 332
378 380 330
375 327 377
403 363 365
351 299 301
351 301 353
361 311 313
365 315 317
349 297 299
322 324 272
325 273 275
325 275 327
325 323 273
338 286 337
347 295 297
366 316 364
379 329 331
346 296 294
366 368 318
332 283 282
379 377 329
343 341 291
345 293 295
356 358 306
354 304 302
308 256 252
354 356 304
334 310 258
352 302 300
367 317 319
346 348 296
348 298 296
348 350 298
359 307 309
335 259 311
372 324 322
365 317 367
362 314 312
362 312 360
336 331 281
380 332 330
358 360 310
358 308 306
370 322 320
370 372 322
340 342 290
337 286 285
369 319 321
349 299 351
344 294 292
345 343 293
346 294 344
368 320 318
369 321 371
365 363 315
357 305 307
361 313 363
345 295 347
383 339 341
364 316 314
398 360 358
376 328 326
368 370 320
380 331 336
380 336 332
410 372 370
376 378 328
361 359 311
357 307 359
377 327 329
410 412 372
369 367 319
349 347 297
352 354 302
398 400 360
357 355 305
399 355 357
393 349 351
403 365 405
398 358 356
364 314 362
352 300 350
442 411 413
388 346 344
383 381 339
407 367 369
393 351 395
395 351 353
389 345 347
445 414 443
373 323 325
405 365 367
398 356 354
333 229 287
337 287 339
333 287 337
333 337 285
334 308 358
334 358 310
444 413 415
379 331 380
373 325 375
373 371 323
396 354 352
394 352 350
394 350 392
435 406 404
335 311 359
335 359 309
392 350 348
383 341 385
413 373 375
376 326 374
416 380 378
416 379 380
391 347 349
411 371 373
427 394 392
406 368 366
390 348 346
340 288 338
407 369 409
399 397 355
386 344 342
381 337 339
385 341 343
382 340 338
399 359 361
401 361 363
386 342 384
389 347 391
409 369 371
395 353 397
401 363 403
393 391 349
434 403 405
430 395 397
417 377 379
416 417 379
399 361 401
432 401 403
409 371 411
407 405 367
390 392 348
390 346 388
432 403 434
436 405 407
415 375 377
415 377 417
408 370 368
408 410 370
387 343 345
387 345 389
430 428 395
435 404 433
408 368 406
387 385 343
413 375 415
413 411 373
384 342 340
386 388 344
396 352 394
404 366 364
404 406 366
400 362 360
384 340 382
441 412 410
441 443 412
416 378 376
414 376 374
414 374 412
437 408 406
421 388 386
402 364 362
402 362 400
399 357 359
458 432 434
423 390 388
427 429 394
381 338 337
381 382 338
414 416 376
445 417 416
445 416 414
440 409 411
421 386 419
429 396 394
424 389 391
383 382 381
402 404 364
443 414 412
437 406 435
418 383 385
422 387 389
422 389 424
418 385 420
418 384 382
398 354 396
433 404 402
431 400 398
431 398 396
431 396 429
431 402 400
420 385 387
418 382 383
428 393 395
440 411 442
433 402 431
457 431 429
457 429 455
436 434 405
484 449 447
455 429 427
457 433 431
426 391 393
421 423 388
425 392 390
422 420 387
419 386 384
425 427 392
426 393 428
451 425 423
459 435 433
438 407 409
425 390 423
426 424 391
430 397 432
444 442 413
444 415 445
419 384 418
451 453 425
439 410 408
469 445 443
432 397 399
432 399 401
438 409 440
438 436 407
439 408 437
452 424 426
458 430 432
458 456 430
439 441 410
469 443 467
484 447 470
446 419 418
456 428 430
446 447 419
463 439 437
466 440 442
447 421 419
452 426 454
465 441 439
465 439 463
475 477 459
454 426 428
475 455 453
456 454 428
469 444 445
453 427 425
467 443 441
460 434 436
446 418 420
464 438 440
449 423 421
449 421 447
453 455 427
448 420 422
464 462 438
461 437 435
462 436 438
451 423 449
450 422 424
450 448 422
464 440 466
460 458 434
468 442 444
474 452 454
