  0.00000000   0.00000000
  1.00000000   0.00000000
  0.00000000   1.00000000
  1.00000000   1.00000000
  0.00000000   0.95000000
  0.00000000   0.90000000
  0.00000000   0.85000000
  0.00000000   0.80000000
  0.00000000   0.75000000
  0.00000000   0.70000000
  0.00000000   0.65000000
  0.00000000   0.60000000
  0.00000000   0.55000000
  0.00000000   0.50000000
  0.00000000   0.45000000
  0.00000000   0.40000000
  0.00000000   0.35000000
  0.00000000   0.30000000
  0.00000000   0.25000000
  0.00000000   0.20000000
  0.00000000   0.15000000
  0.00000000   0.10000000
  0.00000000   0.05000000
  0.05000000   0.00000000
  0.10000000   0.00000000
  0.15000000   0.00000000
  0.20000000   0.00000000
  0.25000000   0.00000000
  0.30000000   0.00000000
  0.35000000   0.00000000
  0.40000000   0.00000000
  0.45000000   0.00000000
  0.50000000   0.00000000
  0.55000000   0.00000000
  0.60000000   0.00000000
  0.65000000   0.00000000
  0.70000000   0.00000000
  0.75000000   0.00000000
  0.80000000   0.00000000
  0.85000000   0.00000000
  0.90000000   0.00000000
  0.95000000   0.00000000
  1.00000000   0.05000000
  1.00000000   0.10000000
  1.00000000   0.15000000
  1.00000000   0.20000000
  1.00000000   0.25000000
  1.00000000   0.30000000
  1.00000000   0.35000000
  1.00000000   0.40000000
  1.00000000   0.45000000
  1.00000000   0.50000000
  1.00000000   0.55000000
  1.00000000   0.60000000
  1.00000000   0.65000000
  1.00000000   0.70000000
  1.00000000   0.75000000
  1.00000000   0.80000000
  1.00000000   0.85000000
  1.00000000   0.90000000
  1.00000000   0.95000000
  0.95000000   1.00000000
  0.90000000   1.00000000
  0.85000000   1.00000000
  0.80000000   1.00000000
  0.75000000   1.00000000
  0.70000000   1.00000000
  0.65000000   1.00000000
  0.60000000   1.00000000
  0.55000000   1.00000000
  0.50000000   1.00000000
  0.45000000   1.00000000
  0.40000000   1.00000000
  0.35000000   1.00000000
  0.30000000   1.00000000
  0.25000000   1.00000000
  0.20000000   1.00000000
  0.15000000   1.00000000
  0.10000000   1.00000000
  0.05000000   1.00000000
  0.51694388   0.51913067
  0.52409780   0.47434582
  0.47310580   0.52553392
  0.61010807   0.42710955
  0.96584936   0.03415064
  0.92496661   0.04112053
  0.95917524   0.07543271
  0.87666370   0.04469262
  0.95500613   0.12366058
  0.82566261   0.04373702
  0.95547556   0.17442148
  0.77500000   0.04330127
  0.95620631   0.22480752
  0.72500000   0.04330127
  0.95669873   0.27500000
  0.67500000   0.04330127
  0.95669873   0.32500000
  0.62500000   0.04330127
  0.95669873   0.37500000
  0.57500000   0.04330127
  0.95669873   0.42500000
  0.52500000   0.04330127
  0.95669873   0.47500000
  0.47500000   0.04330127
  0.95669873   0.52500000
  0.42500000   0.04330127
  0.95669873   0.57500000
  0.37500000   0.04330127
  0.95669873   0.62500000
  0.32500000   0.04330127
  0.95669873   0.67500000
  0.27500000   0.04330127
  0.95669873   0.72500000
  0.22461619   0.04357361
  0.95642591   0.77534657
  0.17427303   0.04380743
  0.95619561   0.82576729
  0.12338074   0.04480317
  0.95530618   0.87669530
  0.07503339   0.04112053
  0.95887947   0.92496661
  0.03415064   0.03415064
  0.96584936   0.96584936
  0.04082476   0.07543271
  0.92456729   0.95917524
  0.04507667   0.12373837
  0.87631133   0.95498574
  0.04466538   0.17455530
  0.82550869   0.95543307
  0.04400784   0.22492317
  0.77517121   0.95618000
  0.04330127   0.27500000
  0.72500000   0.95669873
  0.04330127   0.32500000
  0.67500000   0.95669873
  0.04330127   0.37500000
  0.62500000   0.95669873
  0.04330127   0.42500000
  0.57500000   0.95669873
  0.04330127   0.47500000
  0.52500000   0.95669873
  0.04330127   0.52500000
  0.47500000   0.95669873
  0.04330127   0.57500000
  0.42500000   0.95669873
  0.04330127   0.62500000
  0.37500000   0.95669873
  0.04330127   0.67500000
  0.32500000   0.95669873
  0.04330127   0.72500000
  0.27500000   0.95669873
  0.04330127   0.77500000
  0.22488398   0.95604264
  0.04361648   0.82570352
  0.17443694   0.95543507
  0.04459947   0.87663829
  0.12357329   0.95498574
  0.04082476   0.92456729
  0.07503339   0.95887947
  0.03415064   0.96584936
  0.90777280   0.09222720
  0.85144482   0.08700684
  0.91090926   0.14885801
  0.80074753   0.08744546
  0.91103135   0.19945469
  0.75000000   0.08660254
  0.91305993   0.25019478
  0.70000000   0.08660254
  0.91339746   0.30000000
  0.65000000   0.08660254
  0.91339746   0.35000000
  0.60000000   0.08660254
  0.91339746   0.40000000
  0.55000000   0.08660254
  0.91339746   0.45000000
  0.50000000   0.08660254
  0.91339746   0.50000000
  0.45000000   0.08660254
  0.91339746   0.55000000
  0.40000000   0.08660254
  0.91339746   0.60000000
  0.35000000   0.08660254
  0.91339746   0.65000000
  0.30000000   0.08660254
  0.91339746   0.70000000
  0.24951841   0.08681106
  0.91339746   0.75000000
  0.19908952   0.08740101
  0.91251388   0.80098185
  0.14829076   0.08732095
  0.91272318   0.85183953
  0.09252222   0.09247769
  0.90768131   0.90765966
  0.08927014   0.14916121
  0.85100677   0.91090957
  0.08935505   0.19972963
  0.80032254   0.91085149
  0.08731076   0.25039275
  0.74960358   0.91263899
  0.08660254   0.30000000
  0.70000000   0.91339746
  0.08660254   0.35000000
  0.65000000   0.91339746
  0.08660254   0.40000000
  0.60000000   0.91339746
  0.08660254   0.45000000
  0.55000000   0.91339746
  0.08660254   0.50000000
  0.50000000   0.91339746
  0.08660254   0.55000000
  0.45000000   0.91339746
  0.08660254   0.60000000
  0.40000000   0.91339746
  0.08660254   0.65000000
  0.35000000   0.91339746
  0.08660254   0.70000000
  0.30000000   0.91339746
  0.08660254   0.75000000
  0.25031513   0.91276932
  0.08713061   0.80081002
  0.19948343   0.91086192
  0.08670812   0.85168655
  0.14888237   0.91097113
  0.09222720   0.90777280
  0.87165506   0.12704346
  0.82605922   0.13304303
  0.86074194   0.17423053
  0.77610174   0.13081922
  0.86969407   0.22690831
  0.72559607   0.13040062
  0.86984724   0.27587055
  0.67500000   0.12990381
  0.87009619   0.32500000
  0.62500000   0.12990381
  0.87009619   0.37500000
  0.57500000   0.12990381
  0.87009619   0.42500000
  0.52500000   0.12990381
  0.87009619   0.47500000
  0.47500000   0.12990381
  0.87009619   0.52500000
  0.42500000   0.12990381
  0.87009619   0.57500000
  0.37500000   0.12990381
  0.87009619   0.62500000
  0.32500000   0.12990381
  0.87009619   0.67500000
  0.27444784   0.12967253
  0.87012432   0.72536405
  0.22386655   0.13059244
  0.86928697   0.77631690
  0.17292039   0.13252908
  0.86749762   0.82720840
  0.12843423   0.12730409
  0.87285017   0.87189770
  0.14008734   0.17487861
  0.82537763   0.86060223
  0.13104889   0.22733349
  0.77252423   0.86887094
  0.13100298   0.27578959
  0.72412338   0.86915065
  0.13043305   0.32514022
  0.67484510   0.86958751
  0.12990381   0.37500000
  0.62500000   0.87009619
  0.12990381   0.42500000
  0.57500000   0.87009619
  0.12990381   0.47500000
  0.52500000   0.87009619
  0.12990381   0.52500000
  0.47500000   0.87009619
  0.12990381   0.57500000
  0.42500000   0.87009619
  0.12990381   0.62500000
  0.37500000   0.87009619
  0.12990381   0.67500000
  0.32512976   0.86957656
  0.12990381   0.72500000
  0.27574931   0.86905100
  0.13032111   0.77590743
  0.22715881   0.86919737
  0.13198731   0.82657995
  0.17401076   0.86042572
  0.12669587   0.87158841
  0.80414880   0.17379030
  0.75198628   0.17473116
  0.82588334   0.25253603
  0.70050774   0.17370481
  0.82626381   0.30068755
  0.65000000   0.17320508
  0.82679492   0.35000000
  0.60000000   0.17320508
  0.82679492   0.40000000
  0.55000000   0.17320508
  0.82679492   0.45000000
  0.50000000   0.17320508
  0.82679492   0.50000000
  0.45000000   0.17320508
  0.82679492   0.55000000
  0.39921071   0.17356835
  0.82644191   0.60080463
  0.34865328   0.17346203
  0.82647066   0.65143613
  0.29933039   0.17156547
  0.82807231   0.70094373
  0.24902434   0.17319293
  0.82642793   0.75161092
  0.19720069   0.17418367
  0.82572321   0.80351934
  0.17682499   0.25232849
  0.74747771   0.82388406
  0.17491666   0.30017052
  0.69985955   0.82511303
  0.17355418   0.35001850
  0.64999468   0.82643461
  0.17320508   0.40000000
  0.60000000   0.82679492
  0.17320508   0.45000000
  0.55000000   0.82679492
  0.17320508   0.50000000
  0.50000000   0.82679492
  0.17320508   0.55000000
  0.45000000   0.82679492
  0.17357206   0.60078755
  0.40000000   0.82679492
  0.17346498   0.65133976
  0.35001675   0.82644609
  0.17155298   0.70064646
  0.30015721   0.82510007
  0.17303989   0.75091295
  0.25227715   0.82328663
  0.17377170   0.80271736
  0.82948116   0.21055260
  0.17072956   0.21063380
  0.78889984   0.82875204
  0.21055260   0.82948116
  0.77999581   0.22223174
  0.72498512   0.21654606
  0.78258685   0.27605635
  0.67543577   0.21789912
  0.78191152   0.32459845
  0.62561588   0.21765033
  0.78233083   0.37432220
  0.57500000   0.21650635
  0.78349365   0.42500000
  0.52500000   0.21650635
  0.78349365   0.47500000
  0.47500000   0.21650635
  0.78349365   0.52500000
  0.42360648   0.21679577
  0.78332407   0.57635197
  0.37192200   0.21750179
  0.78258363   0.62807379
  0.31983132   0.21722850
  0.78258736   0.68028082
  0.27517176   0.20906080
  0.78964575   0.72529590
  0.22802232   0.22309428
  0.77653303   0.77498726
  0.22229779   0.27461219
  0.72604458   0.77777145
  0.21650635   0.32500000
  0.67500000   0.78349365
  0.21735523   0.37460592
  0.62547019   0.78255200
  0.21650635   0.42500000
  0.57500000   0.78349365
  0.21650635   0.47500000
  0.52500000   0.78349365
  0.21650635   0.52500000
  0.47500000   0.78349365
  0.21681732   0.57638707
  0.42500000   0.78349365
  0.21751952   0.62807166
  0.37461129   0.78263691
  0.21723000   0.68016740
  0.32500000   0.78349365
  0.20906080   0.72482824
  0.27441989   0.77786167
  0.22309428   0.77197768
  0.74367812   0.25566349
  0.70022650   0.26254060
  0.73682571   0.29819298
  0.65225574   0.26386709
  0.73608760   0.34734476
  0.60099671   0.26110820
  0.73878394   0.39891739
  0.55000000   0.25980762
  0.74019238   0.45000000
  0.50000000   0.25980762
  0.74019238   0.50000000
  0.44914876   0.25955189
  0.74062773   0.55073880
  0.39680940   0.26019987
  0.74014797   0.60300971
  0.34059144   0.26263064
  0.73753974   0.65932406
  0.27863450   0.25817382
  0.74182618   0.72136550
  0.25843599   0.30258274
  0.69763207   0.74119663
  0.26253690   0.34840353
  0.65177100   0.73717528
  0.26115196   0.39932364
  0.60096611   0.73866424
  0.25980762   0.45000000
  0.55000000   0.74019238
  0.25980762   0.50000000
  0.50000000   0.74019238
  0.25958954   0.55083918
  0.45000000   0.74019238
  0.26025986   0.60317088
  0.39934023   0.73881742
  0.26265609   0.65939850
  0.34841578   0.73745317
  0.25817382   0.72136550
  0.30258348   0.74156384
  0.68479330   0.31501578
  0.62728688   0.30658003
  0.69370753   0.37297121
  0.57500000   0.30310889
  0.69689111   0.42500000
  0.52412669   0.30330805
  0.69689111   0.47500000
  0.47375064   0.30305436
  0.69702182   0.52601281
  0.42380160   0.30141753
  0.69916987   0.57583932
  0.37216182   0.30437204
  0.69655063   0.62697834
  0.30976526   0.31298080
  0.68710972   0.68964898
  0.30652079   0.37332587
  0.62770039   0.69297186
  0.30448407   0.42504058
  0.57545176   0.69548374
  0.30353774   0.47590651
  0.52500000   0.69689111
  0.30313702   0.52620504
  0.47529305   0.69648348
  0.30158057   0.57611640
  0.42505198   0.69540266
  0.30447007   0.62781015
  0.37338728   0.69342614
  0.31299105   0.69023145
  0.64815444   0.35316664
  0.59777639   0.34576238
  0.65404301   0.40308586
  0.54857961   0.34628931
  0.65305309   0.45123263
  0.49761633   0.34737030
  0.65231214   0.50172707
  0.44612900   0.34629864
  0.65401319   0.55364950
  0.40095298   0.33898100
  0.66273563   0.59859326
  0.35639206   0.35518704
  0.64731798   0.64431085
  0.35116728   0.40257948
  0.59859119   0.64893059
  0.34660654   0.45176841
  0.54887855   0.65358052
  0.34742366   0.50237378
  0.50012138   0.65257542
  0.34658577   0.55364675
  0.45163896   0.65310838
  0.33937990   0.59887172
  0.40272549   0.64852799
  0.35542670   0.64350004
  0.61634321   0.38375345
  0.52402657   0.39177753
  0.60738412   0.47322117
  0.46746495   0.39111393
  0.60872553   0.53199005
  0.40605223   0.38630830
  0.61396360   0.59400837
  0.38700191   0.43065377
  0.57078829   0.61356125
  0.39149866   0.47602580
  0.52582221   0.60848702
  0.39141139   0.53212153
  0.47443117   0.60761683
  0.38738259   0.59353638
  0.57137245   0.38788800
  0.43046220   0.61241079
  0.50000000   0.43301270
  0.56698730   0.50000000
  0.43740201   0.43867403
  0.56103989   0.56253012
  0.43301270   0.50000000
  0.50000000   0.56698730
  0.43917931   0.56097519
  0.55791860   0.44094438
  0.47835472   0.47870257
