0
0
0
0
0
0
0
0
0
0
0
0
0
0
0
0
0
0
0
0
0
0
0
0
0
0
0
0
0
0
0
0
0
0
0
0
0
0
0
0
0
0
0
0
0
0
0
0
0
0
0
0
0
0
0
0
0
0
0
0
0
0
0
0
0
0
0
0
0
0
0
0
0
0
0
0
0
0
0
0
0.0311593
0.0310628
0.0310418
0.0290992
0.000530777
0.00137004
0.00136678
0.00232491
0.00234375
0.00300983
0.00306451
0.00361261
0.00365083
0.00413002
0.00412924
0.00454429
0.00454369
0.00485497
0.00485465
0.00506212
0.00506191
0.00516569
0.00516552
0.00516566
0.00516551
0.00506201
0.00506188
0.00485463
0.00485455
0.00454366
0.00454362
0.00412939
0.00412915
0.00362931
0.00362997
0.00301418
0.00301326
0.00233124
0.00232445
0.00137013
0.00137001
0.000530781
0.000530757
0.00136671
0.00136671
0.00234916
0.00234519
0.00307543
0.00306788
0.00366938
0.00365311
0.00412993
0.00413
0.00454435
0.00454422
0.00485503
0.0048549
0.00506202
0.00506191
0.0051655
0.0051654
0.00516543
0.00516537
0.00506177
0.00506185
0.00485444
0.00485483
0.00454356
0.00454415
0.00412938
0.0041297
0.00361205
0.00366462
0.0030014
0.0030669
0.00232139
0.0023427
0.00136649
0.00137005
0.000530725
0.00353187
0.00501905
0.00513314
0.00636829
0.00647942
0.00741597
0.00744398
0.00830658
0.00830482
0.00899849
0.0089978
0.009493
0.00949258
0.00978966
0.00978932
0.00988851
0.00988819
0.00978961
0.00978931
0.00949272
0.00949248
0.00899751
0.0089974
0.00830474
0.00830495
0.00742252
0.00741569
0.00636068
0.00636406
0.00502829
0.00502202
0.00355027
0.00353879
0.00515033
0.00513643
0.00651171
0.00649635
0.00747741
0.00748138
0.0083065
0.00830606
0.00899899
0.00899871
0.00949289
0.00949265
0.00978931
0.00978909
0.00988806
0.00988786
0.00978912
0.00978899
0.00949224
0.00949249
0.00899714
0.00899857
0.00830472
0.00830613
0.00741529
0.0074693
0.00634526
0.00649101
0.00499691
0.00512988
0.00353149
0.0061905
0.0082908
0.00864087
0.00987804
0.00993214
0.0112893
0.0113064
0.0123981
0.0123975
0.0132466
0.0132461
0.0138119
0.0138114
0.0140943
0.0140939
0.0140943
0.0140938
0.013812
0.0138116
0.0132462
0.0132459
0.0123956
0.0123955
0.0112358
0.011255
0.00986252
0.00986463
0.00822479
0.00821845
0.00620481
0.00618427
0.00870918
0.00866316
0.00999281
0.0100031
0.011371
0.0113608
0.0124454
0.0124437
0.0132464
0.013246
0.0138113
0.013811
0.0140936
0.0140933
0.0140936
0.0140932
0.0138112
0.0138107
0.0132455
0.0132457
0.012395
0.0124438
0.0112662
0.0113655
0.00985216
0.00997133
0.00821448
0.00864854
0.006178
0.0113022
0.013451
0.0135728
0.0150547
0.0150907
0.0162906
0.0162903
0.0171868
0.0171863
0.0177231
0.0177226
0.0179018
0.0179012
0.017723
0.0177223
0.0172039
0.0172022
0.0162818
0.0162842
0.014898
0.014915
0.0133939
0.0133935
0.0113782
0.0113522
0.0137379
0.013699
0.0151633
0.0151602
0.0163159
0.0163161
0.0171856
0.0171852
0.0177222
0.0177217
0.0179008
0.0179003
0.0177219
0.0177214
0.0172031
0.0171846
0.0162811
0.0163148
0.0148969
0.0151608
0.0133861
0.0137284
0.01136
0.0117346
0.0117493
0.0117962
0.0117335
0.0148476
0.0169064
0.0169934
0.0186806
0.0186928
0.0199452
0.0199445
0.020729
0.0207283
0.0211521
0.0211514
0.0211517
0.0211509
0.0207309
0.0207222
0.0198838
0.0198773
0.0185022
0.0185089
0.0164729
0.0165301
0.0152671
0.0151423
0.0172266
0.0171982
0.0186024
0.0186022
0.0199284
0.0199324
0.020728
0.0207272
0.0211509
0.0211502
0.0211502
0.02115
0.0207308
0.0207266
0.0198835
0.0199275
0.0185009
0.018601
0.0164717
0.0172089
0.0152659
0.0181107
0.020318
0.0202882
0.0220392
0.022029
0.0231356
0.0231393
0.0237989
0.0237981
0.024039
0.0240382
0.0237747
0.0237641
0.0230404
0.023023
0.0217601
0.0217524
0.0192697
0.0192682
0.0202034
0.0202134
0.0219824
0.0219921
0.0231438
0.0231476
0.0237983
0.0237969
0.0240373
0.0240362
0.0237748
0.0237964
0.023042
0.0231437
0.0217597
0.0219813
0.0192682
0.0202016
0.0233233
0.0248555
0.0248489
0.0258097
0.0258091
0.0263532
0.026338
0.0263291
0.0263255
0.0257048
0.0256808
0.024741
0.0247208
0.0230218
0.0230411
0.024872
0.0248657
0.0258776
0.0258692
0.0263622
0.026334
0.0263304
0.0263551
0.025711
0.02588
0.0247434
0.0248732
0.0230201
0.0260438
0.0271868
0.0272125
0.0280293
0.0280512
0.0283405
0.0283517
0.027969
0.0279586
0.0268846
0.0268267
0.0262685
0.0261597
0.0274013
0.0273692
0.0280402
0.0280226
0.0283381
0.028334
0.0279787
0.0280448
0.0268997
0.0274111
0.0262768
0.0279252
0.029726
0.0297313
0.0296538
0.0296616
0.0286173
0.0286072
0.0290599
0.029018
0.0297113
0.0296946
0.0296599
0.0297184
0.0286507
0.0290704
0.0290674
0.0306943
0.0306928
0.0303327
0.0303363
0.0306916
0.0306867
0.0303547
0.0304289
0.0311246
